  1.80032730
  1.96399343
  1.96399343
  1.96399343
  1.96399343
  1.96399343
  1.96399343
  1.96399343
  1.96399343
  1.96399343
  1.96399343
  1.96399343
  1.96399343
  1.96399343
  1.96399343
  1.96399343
  1.96399343
  1.96399343
  1.96399343
  1.96399343
  1.96399343
  1.96399343
  1.96399343
  1.96399343
  1.96399343
  1.96399343
  1.96399343
  1.96399343
  1.96399343
  1.96399343
  1.96399343
  1.96399343
  1.96399343
  1.96399343
  1.96399343
  1.96399343
  1.96399343
  1.96399343
  1.96399343
  1.96399343
  1.96399343
  1.96399343
  1.96399343
  1.96399343
  1.96399343
  1.96399343
  1.96399343
  1.96399343
  1.96399343
  1.96399343
  1.96399343
  1.96399343
  1.96399343
  1.96399343
  1.96399343
  1.96399343
  1.96399343
  1.96399343
  1.96399343
  1.96399343
  1.96399343
  1.96399343
  1.96399343
  1.96399343
  1.96399343
  1.96399343
  1.96399343
  1.96399343
  1.96399343
  1.96399343
  1.96399343
  1.96399343
  1.96399343
  1.96399343
  1.96399343
  1.96399343
  1.96399343
  1.96399343
  1.96399343
  1.96399343
  1.96399343
  1.96399343
  1.96399343
  1.96399343
  1.96399343
  1.96399343
  1.96399343
  1.96399343
  1.96399343
  1.96399343
  1.96399343
  1.96399343
  1.96399343
  1.96399343
  1.96399343
  1.96399343
  1.96399343
  1.96399343
  1.96399343
  2.12765956
  1.96399343
  1.96399343
  1.96399343
  1.96399343
  1.96399343
  1.96399343
  1.96399343
  1.96399343
  1.96399343
  1.96399343
  1.96399343
  1.96399343
  1.96399343
  1.96399343
  1.96399343
  1.96399343
  1.96399343
  1.96399343
  1.96399343
  1.96399343
  1.96399343
  1.96399343
  1.96399343
  1.96399343
  2.12765956
  1.96399343
  1.96399343
  1.96399343
  1.96399343
  1.96399343
  1.96399343
  1.96399343
  1.96399343
  1.96399343
  1.96399343
  1.96399343
  1.96399343
  1.96399343
  2.12765956
  1.96399343
  1.96399343
  1.96399343
  1.96399343
  1.96399343
  1.96399343
  1.96399343
  2.12765956
  1.96399343
  1.96399343
  1.96399343
  1.96399343
  2.12765956
  2.12765956
  1.96399343
  1.96399343
  1.96399343
  1.96399343
  1.96399343
  1.96399343
  1.96399343
  1.96399343
  1.96399343
  1.96399343
  1.96399343
  1.96399343
  1.96399343
  1.96399343
  2.12765956
  1.96399343
  1.96399343
  1.96399343
  1.96399343
  2.12765956
  1.96399343
  1.96399343
  1.96399343
  1.96399343
  1.96399343
  1.96399343
  2.12765956
  1.96399343
  1.96399343
  1.96399343
  1.96399343
  2.12765956
  1.96399343
  1.96399343
  1.96399343
  2.12765956
  2.12765956
  1.96399343
  1.96399343
  1.96399343
  1.96399343
  1.96399343
  2.12765956
  2.12765956
  1.96399343
  1.96399343
  1.96399343
  2.12765956
  1.96399343
  1.96399343
  2.12765956
  1.96399343
  1.63666117
  0.81833059
  0.00000000
 -0.98199672
 -1.96399343
 -4.25531912
 -6.38297892
 -9.00163651
-11.29296207
-13.42062187
-15.22094917
-16.36661148
-17.34860802
-18.33060646
-19.47626877
-20.13093376
-20.29459953
-19.31260300
-18.16693878
-15.05728340
-11.12929630
 -6.71031094
 -3.43698859
 -0.32733223
  0.81833059
  1.30932891
  1.47299504
  1.63666117
  1.47299504
  1.63666117
  1.63666117
  1.63666117
  1.63666117
  1.63666117
  1.63666117
  1.63666117
  1.80032730
  1.63666117
  1.80032730
  1.80032730
  1.80032730
  1.63666117
  1.80032730
  1.80032730
  1.80032730
  1.63666117
  1.47299504
  1.14566290
  0.65466446
 -0.32733223
 -1.96399343
 -3.43698859
 -5.23731565
 -8.83797073
-12.11129284
-17.34860802
-22.42225838
-27.65957451
-31.58756065
-34.04255295
-34.69721603
-34.69721603
-34.04255295
-33.38788986
-32.56955719
-30.11456680
-25.85924721
-18.82160378
-12.60229111
 -7.20130920
 -2.12765956
  0.16366611
  0.81833059
  1.14566290
  1.47299504
  1.47299504
  1.14566290
  1.14566290
  1.30932891
  1.30932891
  1.30932891
  1.30932891
  1.30932891
  1.47299504
  1.47299504
  1.47299504
  1.47299504
  1.30932891
  1.14566290
  0.49099836
  0.00000000
 -0.98199672
 -1.47299504
 -2.29132581
 -3.27332234
 -4.41898537
 -5.72831440
 -7.20130920
 -9.81996727
-12.11129284
-13.74795437
-17.34860802
-19.80360031
-20.13093376
-22.58592415
-20.62193108
-18.00327301
-17.34860802
-15.87561417
-16.20294571
-16.36661148
-16.36661148
-14.23895264
-10.63829803
 -9.65630150
 -7.36497545
 -5.56464815
 -4.58265162
 -3.27332234
 -1.47299504
 -0.16366611
  0.98199672
  1.47299504
  1.63666117
  1.96399343
  2.12765956
  1.96399343
  1.63666117
  1.30932891
  1.63666117
  1.63666117
  1.47299504
  1.47299504
  1.63666117
  1.63666117
  1.63666117
  1.63666117
  1.63666117
  1.63666117
  1.63666117
  1.63666117
  1.80032730
  1.80032730
  1.80032730
  1.63666117
  1.63666117
  1.80032730
  1.80032730
  1.80032730
  1.63666117
  1.47299504
  0.81833059
 -0.49099836
 -1.80032730
 -3.60065460
 -8.01963997
-11.29296207
-17.51227570
-21.93126106
-27.49590874
-32.24222565
-38.95253754
-44.68085098
-49.91816711
-56.95581055
-61.70212936
-64.64811707
-65.79377747
-64.97544861
-65.63011169
-63.82978821
-63.82978821
-61.21112823
-60.39279938
-58.10147476
-51.22749710
-37.80687332
-26.67757797
-15.87561417
 -5.23731565
 -1.96399343
  0.00000000
  0.81833059
  0.98199672
  1.30932891
  1.30932891
  0.81833059
  0.81833059
  0.98199672
  1.14566290
  1.14566290
  1.14566290
  1.14566290
  1.30932891
  1.30932891
  1.30932891
  1.30932891
  1.30932891
  1.30932891
  1.30932891
  1.30932891
  1.47299504
  1.47299504
  1.30932891
  1.47299504
  1.47299504
  1.47299504
  1.47299504
  1.14566290
  0.32733223
 -0.98199672
 -3.10965633
 -4.74631739
 -5.72831440
 -5.40098190
 -4.25531912
 -4.09165287
 -4.41898537
 -4.74631739
 -5.07364988
 -5.72831440
 -5.07364988
 -4.74631739
 -5.07364988
 -4.74631739
 -4.09165287
 -4.25531912
 -4.09165287
 -3.60065460
 -3.10965633
 -1.96399343
  0.00000000
  0.81833059
  1.14566290
  1.30932891
  1.47299504
  0.98199672
  1.30932891
  1.63666117
  1.30932891
  1.30932891
  1.47299504
  1.47299504
  1.47299504
  1.47299504
  1.47299504
  1.47299504
  1.63666117
  1.47299504
  1.63666117
  1.63666117
  1.63666117
  1.63666117
  1.47299504
  1.14566290
  0.32733223
 -1.47299504
 -3.43698859
 -5.56464815
 -8.18330574
-11.45662880
-12.60229111
-13.42062187
-13.58428764
-13.09328938
-11.29296207
-10.47463131
-10.31096554
-10.31096554
-10.31096554
-10.47463131
 -9.81996727
 -9.81996727
 -9.65630150
 -9.16530323
 -6.87397718
 -5.40098190
 -3.10965633
 -0.65466446
  0.81833059
  1.30932891
  1.47299504
  1.63666117
  1.80032730
  1.14566290
  1.47299504
  1.47299504
  1.47299504
  1.30932891
  1.47299504
  1.47299504
  1.47299504
  1.47299504
  1.63666117
  1.63666117
  1.47299504
  1.63666117
  1.63666117
  1.63666117
  1.63666117
  1.63666117
  1.63666117
  1.63666117
  1.47299504
  1.47299504
  1.30932891
  1.14566290
  0.81833059
  0.00000000
 -0.81833059
 -1.47299504
 -2.94599009
 -4.74631739
 -6.71031094
 -9.98363304
-13.42062187
-16.20294571
-18.16693878
-18.98526955
-18.98526955
-18.82160378
-18.65793800
-18.00327301
-15.87561417
-14.23895264
-11.45662880
 -5.72831440
 -2.12765956
  0.32733223
  1.63666117
  2.12765956
  2.29132581
  1.96399343
  1.47299504
  1.47299504
  1.63666117
  1.63666117
  1.63666117
  1.63666117
  1.63666117
  1.80032730
  1.63666117
  1.63666117
  1.80032730
  1.63666117
  1.80032730
  1.80032730
  1.80032730
  1.63666117
  1.80032730
  1.80032730
  1.80032730
  1.80032730
  1.80032730
  1.80032730
  1.80032730
  1.80032730
  1.80032730
  1.80032730
  1.80032730
  1.80032730
  1.63666117
  1.30932891
  0.81833059
 -0.65466446
 -2.61865783
 -5.07364988
-10.80196381
-16.69394493
-23.07692337
-29.45990181
-31.42389488
-33.38788986
-33.87888718
-33.71522141
-33.87888718
-32.56955719
-30.76922989
-25.69558144
-13.74795437
 -6.21931267
 -1.47299504
  0.81833059
  0.98199672
  0.98199672
  0.81833059
  0.81833059
  0.98199672
  0.98199672
  0.98199672
  0.98199672
  1.14566290
  1.14566290
  1.14566290
  1.14566290
  1.14566290
  1.14566290
  1.14566290
  1.30932891
  1.30932891
  1.30932891
  1.30932891
  1.30932891
  1.30932891
  1.30932891
  0.81833059
 -1.14566290
 -3.27332234
 -7.52864170
-13.09328938
-16.36661148
-19.47626877
-20.29459953
-20.94926262
-22.25859261
-22.25859261
-21.93126106
-19.80360031
-15.22094917
-10.31096554
 -5.56464815
 -1.14566290
  0.49099836
  0.98199672
  1.14566290
  0.81833059
  1.14566290
  1.30932891
  1.14566290
  1.14566290
  1.30932891
  1.30932891
  1.30932891
  1.30932891
  1.30932891
  1.30932891
  1.30932891
  1.30932891
  1.30932891
  0.81833059
  0.16366611
 -1.14566290
 -2.94599009
 -4.41898537
 -6.05564642
 -6.71031094
 -6.87397718
 -6.54664469
 -7.03764343
 -6.87397718
 -7.20130920
 -7.03764343
 -6.38297892
 -6.54664469
 -6.05564642
 -5.23731565
 -4.41898537
 -4.25531912
 -3.10965633
 -1.47299504
  0.32733223
  0.98199672
  1.47299504
  1.63666117
  1.80032730
  1.80032730
  1.14566290
  1.80032730
  1.80032730
  1.63666117
  1.63666117
  1.80032730
  1.80032730
  1.63666117
  1.63666117
  1.80032730
  1.63666117
  1.63666117
  1.80032730
  1.80032730
  1.63666117
  1.80032730
  1.80032730
  1.80032730
  1.63666117
  1.80032730
  1.80032730
  1.80032730
  1.80032730
  1.63666117
  1.14566290
  0.65466446
 -0.16366611
 -0.65466446
 -1.80032730
 -2.94599009
 -3.60065460
 -4.74631739
 -4.41898537
 -4.90998363
 -5.23731565
 -4.90998363
 -4.90998363
 -4.90998363
 -4.58265162
 -4.25531912
 -2.94599009
 -1.63666117
 -0.32733223
  0.98199672
  0.98199672
  0.98199672
  0.98199672
  1.96399343
  1.47299504
  1.30932891
  1.30932891
  1.47299504
  1.47299504
  1.47299504
  1.47299504
  1.47299504
  1.47299504
  1.47299504
  1.47299504
  1.63666117
  1.63666117
  1.63666117
  1.63666117
  1.63666117
  1.63666117
  1.63666117
  1.63666117
  1.63666117
  1.47299504
  1.30932891
  0.81833059
  0.16366611
 -0.32733223
 -1.14566290
 -2.12765956
 -2.45499182
 -3.60065460
 -3.92798686
 -4.09165287
 -4.74631739
 -4.58265162
 -4.41898537
 -4.41898537
 -3.60065460
 -2.94599009
 -1.14566290
  0.32733223
  0.81833059
  1.14566290
  0.81833059
  1.63666117
  1.63666117
  1.30932891
  1.30932891
  1.47299504
  1.47299504
  1.47299504
  1.47299504
  1.47299504
  1.47299504
  1.63666117
  1.63666117
  1.47299504
  1.63666117
  1.63666117
  1.63666117
  1.63666117
  1.63666117
  1.63666117
  1.63666117
  1.30932891
  0.81833059
 -0.49099836
 -2.12765956
 -5.23731565
 -8.83797073
-12.76595783
-16.36661148
-19.47626877
-22.42225838
-22.42225838
-24.05891991
-24.05891991
-22.25859261
-23.89525414
-20.45826530
-18.16693878
-17.18494225
-17.34860802
-15.71194744
-13.74795437
-12.11129284
 -7.20130920
 -3.27332234
 -0.98199672
  0.98199672
  1.47299504
  1.63666117
  1.80032730
  1.96399343
  1.47299504
  1.47299504
  1.80032730
  1.63666117
  1.47299504
  1.63666117
  1.63666117
  1.47299504
  1.63666117
  1.63666117
  1.63666117
  1.63666117
  1.63666117
  1.80032730
  1.80032730
  1.80032730
  1.63666117
  1.80032730
  1.80032730
  1.80032730
  1.30932891
  0.49099836
 -2.94599009
 -8.51063824
-19.63993454
-29.78723335
-40.09819794
-49.59083557
-60.55646515
-67.43044281
-74.14075470
-83.30605316
-90.18003082
-97.21767426
-105.07364655
-105.23731232
-98.19966888
-80.85106659
-71.52209473
-61.86579514
-47.79050827
-35.51554871
-24.22258568
-11.12929630
 -5.89198017
 -2.78232408
 -0.98199672
 -0.32733223
  0.16366611
 -0.16366611
 -0.32733223
 -0.16366611
  0.00000000
  0.00000000
  0.16366611
  0.16366611
  0.16366611
  0.32733223
  0.32733223
  0.32733223
  0.49099836
  0.49099836
  0.65466446
  0.49099836
  0.65466446
  0.65466446
  0.65466446
  0.65466446
  0.65466446
  0.65466446
  0.65466446
  0.65466446
  0.16366611
 -0.98199672
 -2.94599009
 -5.89198017
-12.27495861
-17.02127647
-26.84124374
-33.38788986
-39.60720062
-47.79050827
-56.79214478
-64.15711975
-72.50408936
-75.94107819
-63.66612244
-62.35679245
-58.91980362
-57.77413940
-48.44517136
-35.02455139
-31.09656334
-24.54991722
-18.00327301
-10.80196381
 -4.74631739
 -0.81833059
  0.49099836
  1.14566290
  1.63666117
  1.96399343
  1.96399343
  0.81833059
  0.65466446
  0.81833059
  0.81833059
  0.81833059
  0.81833059
  0.98199672
  0.81833059
  0.81833059
  0.98199672
  0.98199672
  0.98199672
  0.98199672
  1.14566290
  1.14566290
  1.14566290
  0.98199672
  0.98199672
  1.14566290
  1.14566290
  1.14566290
  1.14566290
  1.14566290
  1.14566290
  1.14566290
  1.14566290
  1.14566290
  0.98199672
  0.65466446
  0.00000000
 -1.47299504
 -2.94599009
 -5.07364988
 -9.49263477
-14.07528687
-20.13093376
-28.64157104
-35.51554871
-40.42553329
-43.69885254
-44.68085098
-45.00818253
-42.55319214
-40.91653061
-38.13420486
-30.76922989
-23.73158836
-15.54828167
 -6.54664469
 -2.78232408
 -0.49099836
  0.49099836
  0.65466446
  0.65466446
  0.49099836
  0.65466446
  0.65466446
  0.65466446
  0.81833059
  0.81833059
  0.81833059
  0.81833059
  0.81833059
  0.81833059
  0.81833059
  0.81833059
  0.81833059
  0.81833059
  0.81833059
  0.81833059
  0.98199672
  0.98199672
  0.98199672
  0.98199672
  0.98199672
  0.98199672
  0.81833059
  0.49099836
 -1.14566290
 -2.94599009
 -5.23731565
-10.47463131
-14.72995090
-17.83960724
-21.27659607
-22.09492683
